5 5
1 2 2 0 0 0 0 1 0 0 1 2 2
5 7
1 0 0 0 2 2 2 1 0 1 0 2 2 2 2 1 0 0
10 10
1 0 0 0 0 2 2 2 2 2 0 0 0 0 0 2 2 2 2 2 0 0 0 0 0 2 2 2 2 2 0 0 0 0 0 2 2 2 2 2 0 0 0 0 0 0 0 0 0 0
12 12
1 0 0 0 0 0 2 2 2 2 2 2 0 0 0 0 0 0 2 2 2 2 2 2 0 0 0 0 0 0 2 2 2 2 2 2 0 0 0 0 0 0 2 2 2 2 2 2 0 0 0 0 0 0 2 2 2 2 2 2 0 0 0 0 0 0 2 2 2 2 2 2
14 14
1 0 0 0 0 0 0 2 2 2 2 2 2 2 0 0 0 0 0 0 0 2 2 2 2 2 2 2 0 0 0 0 0 0 0 2 2 2 2 2 2 2 0 0 0 0 0 0 0 2 2 2 2 2 2 2 0 0 0 0 0 0 0 2 2 2 2 2 2 2 0 0 0 0 0 0 0 2 2 2 2 2 2 2 0 0 0 0 0 0 0 2 2 2 2 2 2 2
0 0